% Task 2c

P = 10000;
alfa = 0.1;
lambda = 1800;
C = 10;
f = 1000000;
b = 10^-5;
sizes = [65:1:109 111:1:1517];

